<?xml version="1.0"?>
<opencv_storage>
<cameraMatrix type_id="opencv-matrix">
  <rows>3</rows>
  <cols>3</cols>
  <dt>d</dt>
  <data>
    6.2836302114773321e+02 0. 3.4205157216355389e+02 0.
    6.2953401905681960e+02 2.2789277949926262e+02 0. 0. 1.</data></cameraMatrix>
<distCoeff type_id="opencv-matrix">
  <rows>1</rows>
  <cols>5</cols>
  <dt>d</dt>
  <data>
    9.8713159718115326e-02 9.6221477754477813e-01
    -1.3638278186183990e-02 1.7934275103990097e-03
    -4.0229316492373064e+00</data></distCoeff>
<rvec0 type_id="opencv-matrix">
  <rows>3</rows>
  <cols>1</cols>
  <dt>d</dt>
  <data>
    -2.1821777294089399e-02 2.7445043656975355e-02
    1.3404817817614400e-03</data></rvec0>
<rvec1 type_id="opencv-matrix">
  <rows>3</rows>
  <cols>1</cols>
  <dt>d</dt>
  <data>
    7.2801385446073313e-02 -3.1311500621102706e-01
    -6.7052391167271450e-02</data></rvec1>
<rvec2 type_id="opencv-matrix">
  <rows>3</rows>
  <cols>1</cols>
  <dt>d</dt>
  <data>
    -1.8558146947440204e-01 -4.6126698184582260e-02
    -5.4034508590016829e-02</data></rvec2>
<rvec3 type_id="opencv-matrix">
  <rows>3</rows>
  <cols>1</cols>
  <dt>d</dt>
  <data>
    2.0946534836840622e-01 7.9764347054098919e-02
    -2.1485791799148496e-01</data></rvec3>
<tvec0 type_id="opencv-matrix">
  <rows>3</rows>
  <cols>1</cols>
  <dt>d</dt>
  <data>
    -5.7921263843101753e+00 -3.5681185968305522e+00
    1.4122371200132836e+01</data></tvec0>
<tvec1 type_id="opencv-matrix">
  <rows>3</rows>
  <cols>1</cols>
  <dt>d</dt>
  <data>
    -4.8065597878791584e+00 -2.6888087444311659e+00
    1.1198809397188780e+01</data></tvec1>
<tvec2 type_id="opencv-matrix">
  <rows>3</rows>
  <cols>1</cols>
  <dt>d</dt>
  <data>
    -6.0091145873767493e+00 -2.5061325944410671e+00
    1.4398472903551957e+01</data></tvec2>
<tvec3 type_id="opencv-matrix">
  <rows>3</rows>
  <cols>1</cols>
  <dt>d</dt>
  <data>
    -6.8013726079164112e+00 -1.9423728135168734e+00
    1.5118744058181491e+01</data></tvec3>
</opencv_storage>
